
XGBOOST 
매출액 		139822445	6104208291	0.999862	0.993609 
매출액		198875324	20810864637	0.999813	0.980614  -> 파라미터 후

영업이익		12308034040	26587554619	0.799395	0.448472 -> 파라미터 후
당기순이익(손실)	13801026212	27505477702	0.764034	0.326962 -> 파라미터 후




매출액		1,671,032,664	7,868,325,844	0.998349		0.991762
매출액		314,722,315	7,670,183,339	0.999689		0.991969	
영업이익		441,139,188	696,037,883	0.968984		0.947473
영업이익		13,585,743	370,913,514	0.999045		0.972009
당기순이익(손실)	1,196,379,536	1,729,448,509	0.897532		0.826868
당기순이익(손실)	308,052,691	1,402,688,244	0.973616		0.859579



		df2_mse			df2_r2
매출액		51,098,253,117,395,296	0.973616
영업이익		  2,165,825,058,782,721	0.973616
당기순이익(손실)	  1,474,310,239,634,679	0.973616